0 0.24375 0.3359375 0.25859375 0.35625
0 0.76484375 0.2765625 0.31015625 0.40390625
0 0.32890625 0.634375 0.27890625 0.38046875
0 0.59296875 0.61875 0.24375 0.34453125
0 0.83671875 0.5921875 0.2609375 0.33359375
0 0.490625 0.3234375 0.2390625 0.34140625
0 0.475 0.85703125 0.265625 0.2859375
0 0.74609375 0.84453125 0.2703125 0.29453125
0 0.20078125 0.08984375 0.3046875 0.1796875
0 0.1921875 0.859375 0.28671875 0.28046875
0 0.94609375 0.83359375 0.1078125 0.3328125
0 0.059375 0.34375 0.11796875 0.33671875
0 0.0828125 0.703125 0.1609375 0.39453125